image_width: 640
image_height: 480
camera_name: ugv_camera
camera_matrix:
  rows: 3
  cols: 3
  data: [285.2648572962409, 0.0, 313.4907440288876, 0.0, 282.619388669125, 266.4091548407327, 0.0, 0.0, 1.0]
distortion_model: plumb_bob
distortion_coefficients:
  rows: 1
  cols: 5
  data: [-0.35790992929611104, 0.3618394660436711, 0.0009104891618121607, -0.012898904883097034, -0.14429073204828036]
